20.000000	8.078
20.299999	8.076
20.600000	8.073
20.900000	8.071
21.200001	8.068
21.400000	8.066
21.799999	8.062
22.000000	8.060
22.400000	8.057
22.700001	8.054
23.000000	8.050
23.299999	8.047
23.600000	8.044
24.000000	8.041
24.299999	8.038
24.700001	8.036
25.000000	8.035
25.400000	8.035
25.799999	8.036
26.200001	8.038
26.500000	8.039
26.900000	8.041
27.200001	8.042
27.600000	8.042
28.000000	8.042
28.500000	8.040
29.000000	8.036
29.500000	8.032
30.000000	8.027
30.400000	8.023
30.700001	8.019
31.100000	8.015
31.500000	8.010
32.000000	8.004
32.500000	7.998
33.000000	7.991
33.500000	7.985
34.000000	7.978
34.500000	7.971
35.000000	7.964
35.500000	7.957
36.000000	7.950
36.500000	7.943
37.000000	7.936
37.500000	7.929
38.200001	7.919
38.700001	7.911
39.500000	7.898
40.000000	7.889
40.599998	7.877
41.200001	7.865
41.799999	7.853
42.500000	7.838
43.099998	7.824
43.700001	7.810
44.400002	7.793
45.000000	7.779
45.500000	7.766
46.200001	7.748
46.799999	7.732
47.500000	7.713
48.200001	7.693
48.700001	7.678
49.400002	7.657
50.000000	7.638
50.799999	7.612
51.500000	7.588
52.200001	7.563
53.000000	7.535
53.799999	7.505
54.500000	7.479
55.200001	7.452
56.000000	7.421
57.000000	7.381
58.000000	7.340
59.000000	7.299
60.000000	7.256
60.799999	7.220
61.500000	7.188
62.200001	7.156
63.000000	7.118
64.000000	7.070
65.000000	7.020
66.000000	6.969
67.000000	6.916
68.000000	6.863
69.000000	6.809
70.000000	6.754
71.000000	6.698
72.000000	6.640
73.000000	6.582
74.000000	6.523
75.000000	6.464
76.199997	6.391
77.500000	6.312
78.800003	6.232
80.000000	6.157
81.199997	6.081
82.500000	5.999
83.800003	5.916
85.000000	5.839
86.199997	5.762
87.500000	5.677
88.500000	5.613
90.000000	5.515
91.199997	5.437
92.500000	5.351
93.800003	5.266
95.000000	5.187
96.199997	5.109
97.500000	5.024
98.800003	4.940
100.000000	4.863
101.500000	4.767
103.000000	4.672
104.400002	4.585
106.000000	4.487
107.500000	4.396
109.000000	4.306
110.599998	4.213
112.000000	4.132
113.800003	4.030
115.000000	3.964
117.199997	3.845
118.000000	3.802
120.599998	3.668
122.000000	3.598
124.099998	3.496
125.000000	3.453
126.500000	3.384
128.000000	3.316
131.500000	3.166
132.000000	3.145
134.000000	3.064
136.000000	2.986
138.000000	2.911
140.000000	2.839
143.000000	2.737
145.000000	2.671
147.500000	2.593
150.000000	2.518
152.500000	2.446
155.000000	2.377
157.500000	2.311
160.000000	2.249
162.500000	2.192
165.000000	2.137
167.500000	2.086
170.000000	2.037
172.500000	1.991
175.000000	1.947
177.500000	1.905
180.000000	1.865
182.500000	1.827
185.000000	1.790
187.500000	1.756
190.000000	1.723
192.500000	1.692
195.000000	1.662
197.500000	1.634
200.000000	1.608
203.000000	1.577
206.000000	1.548
209.000000	1.521
212.000000	1.495
214.000000	1.478
218.000000	1.446
220.000000	1.431
224.000000	1.404
227.000000	1.384
230.000000	1.365
233.000000	1.348
236.000000	1.331
240.000000	1.311
243.000000	1.297
247.000000	1.280
250.000000	1.268
254.000000	1.253
258.000000	1.240
262.000000	1.228
265.000000	1.220
269.000000	1.209
272.000000	1.202
276.000000	1.193
280.000000	1.184
285.000000	1.173
290.000000	1.164
295.000000	1.154
300.000000	1.146
304.000000	1.139
307.000000	1.135
311.000000	1.129
315.000000	1.124
320.000000	1.117
325.000000	1.111
330.000000	1.106
335.000000	1.101
340.000000	1.096
345.000000	1.092
350.000000	1.088
355.000000	1.085
360.000000	1.082
365.000000	1.079
370.000000	1.077
375.000000	1.074
382.000000	1.071
387.000000	1.069
395.000000	1.065
400.000000	1.063
406.000000	1.060
412.000000	1.057
418.000000	1.054
425.000000	1.050
431.000000	1.047
437.000000	1.044
444.000000	1.041
450.000000	1.038
455.000000	1.036
462.000000	1.034
468.000000	1.032
475.000000	1.029
482.000000	1.027
487.000000	1.025
494.000000	1.023
500.000000	1.021
508.000000	1.018
515.000000	1.015
522.000000	1.012
530.000000	1.009
538.000000	1.005
545.000000	1.003
552.000000	1.000
560.000000	0.997
570.000000	0.994
580.000000	0.991
590.000000	0.988
600.000000	0.986
608.000000	0.984
615.000000	0.982
622.000000	0.981
630.000000	0.979
640.000000	0.977
650.000000	0.976
660.000000	0.975
670.000000	0.974
680.000000	0.973
690.000000	0.972
700.000000	0.971
710.000000	0.970
720.000000	0.969
730.000000	0.969
740.000000	0.968
750.000000	0.967
762.000000	0.966
775.000000	0.965
788.000000	0.965
800.000000	0.964
812.000000	0.963
825.000000	0.963
838.000000	0.962
850.000000	0.962
862.000000	0.961
875.000000	0.960
885.000000	0.959
900.000000	0.958
912.000000	0.956
925.000000	0.955
938.000000	0.953
950.000000	0.951
962.000000	0.949
975.000000	0.947
988.000000	0.945
1000.000000	0.943
1015.000000	0.941
1030.000000	0.939
1044.000000	0.937
1060.000000	0.935
1075.000000	0.933
1090.000000	0.931
1106.000000	0.929
1120.000000	0.927
1138.000000	0.923
1150.000000	0.921
1172.000000	0.917
1180.000000	0.915
1206.000000	0.910
1220.000000	0.907
1241.000000	0.903
1250.000000	0.901
1265.000000	0.899
1280.000000	0.896
1315.000000	0.891
1320.000000	0.890
1340.000000	0.887
1360.000000	0.884
1380.000000	0.882
1400.000000	0.879
1430.000000	0.876
1450.000000	0.874
1475.000000	0.871
1500.000000	0.868
1525.000000	0.866
1550.000000	0.863
1575.000000	0.860
1600.000000	0.857
1625.000000	0.853
1650.000000	0.849
1675.000000	0.845
1700.000000	0.840
1725.000000	0.836
1750.000000	0.831
1775.000000	0.827
1800.000000	0.822
1825.000000	0.817
1850.000000	0.812
1875.000000	0.807
1900.000000	0.802
1925.000000	0.797
1950.000000	0.793
1975.000000	0.788
2000.000000	0.783
2030.000000	0.778
2060.000000	0.772
2090.000000	0.767
2120.000000	0.762
2140.000000	0.759
2180.000000	0.752
2200.000000	0.749
2240.000000	0.742
2270.000000	0.737
2300.000000	0.733
2330.000000	0.728
2360.000000	0.723
2400.000000	0.717
2430.000000	0.713
2470.000000	0.707
2500.000000	0.702
2540.000000	0.696
2580.000000	0.690
2620.000000	0.684
2650.000000	0.680
2690.000000	0.674
2720.000000	0.670
2760.000000	0.664
2800.000000	0.659
2850.000000	0.653
2900.000000	0.647
2950.000000	0.641
3000.000000	0.635
3040.000000	0.631
3070.000000	0.628
3110.000000	0.624
3150.000000	0.620
3200.000000	0.615
3250.000000	0.611
3300.000000	0.606
3350.000000	0.602
3400.000000	0.597
3450.000000	0.593
3500.000000	0.589
3550.000000	0.585
3600.000000	0.582
3650.000000	0.578
3700.000000	0.574
3750.000000	0.570
3820.000000	0.565
3870.000000	0.562
3950.000000	0.557
4000.000000	0.554
4060.000000	0.550
4120.000000	0.547
4180.000000	0.543
4250.000000	0.539
4310.000000	0.536
4370.000000	0.533
4440.000000	0.530
4500.000000	0.527
4550.000000	0.525
4620.000000	0.522
4680.000000	0.520
4750.000000	0.518
4820.000000	0.515
4870.000000	0.514
4940.000000	0.511
5000.000000	0.509
5080.000000	0.505
5150.000000	0.503
5220.000000	0.500
5300.000000	0.496
5380.000000	0.493
5450.000000	0.490
5520.000000	0.487
5600.000000	0.484
5700.000000	0.481
5800.000000	0.478
5900.000000	0.475
6000.000000	0.472
6080.000000	0.470
6150.000000	0.469
6220.000000	0.467
6300.000000	0.466
6400.000000	0.465
6500.000000	0.464
6600.000000	0.463
6700.000000	0.463
6800.000000	0.462
6900.000000	0.461
7000.000000	0.459
7100.000000	0.458
7200.000000	0.455
7300.000000	0.452
7400.000000	0.449
7500.000000	0.446
7620.000000	0.442
7750.000000	0.437
7880.000000	0.433
8000.000000	0.429
8120.000000	0.426
8250.000000	0.422
8380.000000	0.418
8500.000000	0.415
8620.000000	0.413
8750.000000	0.409
8850.000000	0.407
9000.000000	0.404
9120.000000	0.402
9250.000000	0.400
9380.000000	0.398
9500.000000	0.397
9620.000000	0.396
9750.000000	0.394
9880.000000	0.392
10000.000000	0.390
10150.000000	0.386
10300.000000	0.382
10440.000000	0.379
10600.000000	0.375
10750.000000	0.372
10900.000000	0.368
11060.000000	0.366
11200.000000	0.364
11380.000000	0.362
11500.000000	0.361
11720.000000	0.361
11800.000000	0.361
12060.000000	0.362
12200.000000	0.363
12410.000000	0.365
12500.000000	0.366
12650.000000	0.369
12800.000000	0.371
13150.000000	0.377
13200.000000	0.378
13400.000000	0.382
13600.000000	0.385
13800.000000	0.389
14000.000000	0.391
14300.000000	0.394
14500.000000	0.396
14750.000000	0.397
15000.000000	0.398
15250.000000	0.399
15500.000000	0.399
15750.000000	0.399
16000.000000	0.399
16250.000000	0.398
16500.000000	0.397
16750.000000	0.396
17000.000000	0.394
17250.000000	0.392
17500.000000	0.391
17750.000000	0.389
18000.000000	0.387
18250.000000	0.384
18500.000000	0.381
18750.000000	0.379
19000.000000	0.376
19250.000000	0.372
19500.000000	0.369
19750.000000	0.367
