* Measurement data measured by REW V5.20
* Source: /Users/mrs/Desktop/Harman 2019.txt
* Format: Comma/Tab/Space delimited data
* Dated: Jun 17, 2022 6:40:58 AM
* REW Settings:
*  C-weighting compensation: Off
*  Target level: 75.0 dB
* Note: Measurement imported from /Users/mrs/Desktop/Harman 2019.txt Format: Comma/Tab/Space delimited data 480 values loaded, 20 Hz to 19,753 Hz log spaced
* Measurement: Harman 2019
* Smoothing: 1/48 octave
* Frequency Step: 1/48 octave
* Start Frequency: 20.000 Hz
*
* Freq(Hz)	SPL(dB)	Phase(degrees)
20.000000	110.576332	0
20.299999	110.445374	0
20.600000	110.407974	0
20.900000	110.462395	0
21.200001	110.502609	0
21.400000	110.469971	0
21.799999	110.416878	0
22.000000	110.408394	0
22.400000	110.377235	0
22.700001	110.340363	0
23.000000	110.334747	0
23.299999	110.379120	0
23.600000	110.388657	0
24.000000	110.376289	0
24.299999	110.375687	0
24.700001	110.347160	0
25.000000	110.342529	0
25.400000	110.298019	0
25.799999	110.330925	0
26.200001	110.315948	0
26.500000	110.291222	0
26.900000	110.284454	0
27.200001	110.239456	0
27.600000	110.219391	0
28.000000	110.177307	0
28.500000	110.182899	0
29.000000	110.136703	0
29.500000	110.157990	0
30.000000	110.081505	0
30.400000	110.085289	0
30.700001	110.060043	0
31.100000	110.035385	0
31.500000	110.057785	0
32.000000	110.021156	0
32.500000	109.950424	0
33.000000	109.947754	0
33.500000	109.879845	0
34.000000	109.831955	0
34.500000	109.831131	0
35.000000	109.830109	0
35.500000	109.827728	0
36.000000	109.820618	0
36.500000	109.806923	0
37.000000	109.791801	0
37.500000	109.782219	0
38.200001	109.697113	0
38.700001	109.635124	0
39.500000	109.600632	0
40.000000	109.578926	0
40.599998	109.549797	0
41.200001	109.516983	0
41.799999	109.478256	0
42.500000	109.424728	0
43.099998	109.371414	0
43.700001	109.330643	0
44.400002	109.359634	0
45.000000	109.323235	0
45.500000	109.281647	0
46.200001	109.222046	0
46.799999	109.167847	0
47.500000	109.101746	0
48.200001	109.032440	0
48.700001	108.983360	0
49.400002	108.916779	0
50.000000	108.855957	0
50.799999	108.805756	0
51.500000	108.798668	0
52.200001	108.731125	0
53.000000	108.644211	0
53.799999	108.544220	0
54.500000	108.469543	0
55.200001	108.392090	0
56.000000	108.295914	0
57.000000	108.199554	0
58.000000	108.109718	0
59.000000	108.073372	0
60.000000	108.097023	0
60.799999	107.964851	0
61.500000	107.856430	0
62.200001	107.749947	0
63.000000	107.648438	0
64.000000	107.623016	0
65.000000	107.529480	0
66.000000	107.350113	0
67.000000	107.171318	0
68.000000	107.112106	0
69.000000	107.039169	0
70.000000	106.979019	0
71.000000	106.920486	0
72.000000	106.811501	0
73.000000	106.689659	0
74.000000	106.620804	0
75.000000	106.572784	0
76.199997	106.432541	0
77.500000	106.291641	0
78.800003	106.239525	0
80.000000	106.138588	0
81.199997	106.093407	0
82.500000	105.988647	0
83.800003	105.859261	0
85.000000	105.745361	0
86.199997	105.709496	0
87.500000	105.606560	0
88.500000	105.579681	0
90.000000	105.559685	0
91.199997	105.460724	0
92.500000	105.325043	0
93.800003	105.291473	0
95.000000	105.205841	0
96.199997	105.098900	0
97.500000	105.037689	0
98.800003	104.979622	0
100.000000	104.890511	0
101.500000	104.767982	0
103.000000	104.647011	0
104.400002	104.530533	0
106.000000	104.403412	0
107.500000	104.300850	0
109.000000	104.267761	0
110.599998	104.251770	0
112.000000	104.152672	0
113.800003	104.114861	0
115.000000	104.026459	0
117.199997	103.850067	0
118.000000	103.825790	0
120.599998	103.720169	0
122.000000	103.571213	0
124.099998	103.486252	0
125.000000	103.467590	0
126.500000	103.392326	0
128.000000	103.342354	0
131.500000	103.168373	0
132.000000	103.153412	0
134.000000	103.076782	0
136.000000	102.937012	0
138.000000	102.804733	0
140.000000	102.723785	0
143.000000	102.599289	0
145.000000	102.555397	0
147.500000	102.405991	0
150.000000	102.256699	0
152.500000	102.158722	0
155.000000	102.071671	0
157.500000	101.930267	0
160.000000	101.796623	0
162.500000	101.742889	0
165.000000	101.635033	0
167.500000	101.583900	0
170.000000	101.570496	0
172.500000	101.451553	0
175.000000	101.339615	0
177.500000	101.313477	0
180.000000	101.201653	0
182.500000	101.085724	0
185.000000	101.062035	0
187.500000	100.968697	0
190.000000	100.863625	0
192.500000	100.763283	0
195.000000	100.736832	0
197.500000	100.779305	0
200.000000	100.780098	0
203.000000	100.731384	0
206.000000	100.705612	0
209.000000	100.696732	0
212.000000	100.746689	0
214.000000	100.761917	0
218.000000	100.708618	0
220.000000	100.718544	0
224.000000	100.629608	0
227.000000	100.553421	0
230.000000	100.479263	0
233.000000	100.402496	0
236.000000	100.402779	0
240.000000	100.288925	0
243.000000	100.352112	0
247.000000	100.298294	0
250.000000	100.233345	0
254.000000	100.233238	0
258.000000	100.176781	0
262.000000	100.109390	0
265.000000	100.119667	0
269.000000	100.157524	0
272.000000	100.131760	0
276.000000	100.061066	0
280.000000	100.050537	0
285.000000	100.026222	0
290.000000	100.051163	0
295.000000	100.016945	0
300.000000	100.029541	0
304.000000	100.013557	0
307.000000	100.037857	0
311.000000	99.925468	0
315.000000	99.856613	0
320.000000	99.883133	0
325.000000	99.951088	0
330.000000	99.908981	0
335.000000	99.856781	0
340.000000	99.817017	0
345.000000	99.857300	0
350.000000	99.826515	0
355.000000	99.878044	0
360.000000	99.927193	0
365.000000	99.891129	0
370.000000	99.772766	0
375.000000	99.803276	0
382.000000	99.884827	0
387.000000	99.871948	0
395.000000	99.849289	0
400.000000	99.842636	0
406.000000	99.867027	0
412.000000	99.933853	0
418.000000	99.904381	0
425.000000	99.951996	0
431.000000	99.994423	0
437.000000	99.977211	0
444.000000	99.956375	0
450.000000	99.992195	0
455.000000	100.040283	0
462.000000	100.024872	0
468.000000	100.017975	0
475.000000	100.014122	0
482.000000	100.002777	0
487.000000	100.004616	0
494.000000	100.005234	0
500.000000	100.002541	0
508.000000	100.086990	0
515.000000	100.102882	0
522.000000	100.101593	0
530.000000	100.103706	0
538.000000	100.020454	0
545.000000	100.080658	0
552.000000	100.126297	0
560.000000	100.067719	0
570.000000	100.037781	0
580.000000	100.154938	0
590.000000	100.112152	0
600.000000	100.185707	0
608.000000	100.138397	0
615.000000	100.161598	0
622.000000	100.184814	0
630.000000	100.216911	0
640.000000	100.260483	0
650.000000	100.207344	0
660.000000	100.247650	0
670.000000	100.290009	0
680.000000	100.328522	0
690.000000	100.295959	0
700.000000	100.345413	0
710.000000	100.393661	0
720.000000	100.376900	0
730.000000	100.426407	0
740.000000	100.494759	0
750.000000	100.480606	0
762.000000	100.542755	0
775.000000	100.548965	0
788.000000	100.650314	0
800.000000	100.722862	0
812.000000	100.748238	0
825.000000	100.832840	0
838.000000	100.847054	0
850.000000	100.859200	0
862.000000	100.882858	0
875.000000	100.915855	0
885.000000	100.977219	0
900.000000	101.190063	0
912.000000	101.220924	0
925.000000	101.254234	0
938.000000	101.344391	0
950.000000	101.260422	0
962.000000	101.327034	0
975.000000	101.421234	0
988.000000	101.521591	0
1000.000000	101.619904	0
1015.000000	101.604973	0
1030.000000	101.776360	0
1044.000000	101.809608	0
1060.000000	101.924255	0
1075.000000	101.788490	0
1090.000000	101.829269	0
1106.000000	101.885902	0
1120.000000	101.914734	0
1138.000000	102.077377	0
1150.000000	102.131233	0
1172.000000	102.267776	0
1180.000000	102.279938	0
1206.000000	102.212074	0
1220.000000	102.209274	0
1241.000000	102.193413	0
1250.000000	102.262177	0
1265.000000	102.394798	0
1280.000000	102.381264	0
1315.000000	102.383057	0
1320.000000	102.384338	0
1340.000000	102.499260	0
1360.000000	102.434616	0
1380.000000	102.561783	0
1400.000000	102.591164	0
1430.000000	102.863770	0
1450.000000	102.889740	0
1475.000000	102.941483	0
1500.000000	102.992531	0
1525.000000	103.253906	0
1550.000000	103.283661	0
1575.000000	103.481079	0
1600.000000	103.656326	0
1625.000000	103.776985	0
1650.000000	103.882179	0
1675.000000	103.949066	0
1700.000000	104.089203	0
1725.000000	104.220718	0
1750.000000	104.344643	0
1775.000000	104.459366	0
1800.000000	104.632637	0
1825.000000	104.744316	0
1850.000000	104.830315	0
1875.000000	104.951706	0
1900.000000	105.006721	0
1925.000000	105.133148	0
1950.000000	105.253067	0
1975.000000	105.360222	0
2000.000000	105.532478	0
2030.000000	105.650055	0
2060.000000	105.796379	0
2090.000000	105.954720	0
2120.000000	106.096382	0
2140.000000	106.135109	0
2180.000000	106.209755	0
2200.000000	106.311607	0
2240.000000	106.485291	0
2270.000000	106.596481	0
2300.000000	106.745850	0
2330.000000	106.880981	0
2360.000000	107.004349	0
2400.000000	107.154327	0
2430.000000	107.283630	0
2470.000000	107.462662	0
2500.000000	107.506859	0
2540.000000	107.717918	0
2580.000000	107.828011	0
2620.000000	107.988586	0
2650.000000	108.132393	0
2690.000000	108.267799	0
2720.000000	108.426071	0
2760.000000	108.548782	0
2800.000000	108.665321	0
2850.000000	108.814827	0
2900.000000	108.966354	0
2950.000000	109.128311	0
3000.000000	109.291389	0
3040.000000	109.310921	0
3070.000000	109.350075	0
3110.000000	109.459152	0
3150.000000	109.543831	0
3200.000000	109.570419	0
3250.000000	109.623917	0
3300.000000	109.722267	0
3350.000000	109.867081	0
3400.000000	110.003387	0
3450.000000	110.169319	0
3500.000000	110.304260	0
3550.000000	110.383804	0
3600.000000	110.530106	0
3650.000000	110.616798	0
3700.000000	110.666908	0
3750.000000	110.752335	0
3820.000000	110.815590	0
3870.000000	110.808632	0
3950.000000	110.697121	0
4000.000000	110.640274	0
4060.000000	110.631165	0
4120.000000	110.673332	0
4180.000000	110.644783	0
4250.000000	110.464539	0
4310.000000	110.371071	0
4370.000000	110.239815	0
4440.000000	110.208611	0
4500.000000	110.072342	0
4550.000000	110.040924	0
4620.000000	110.008804	0
4680.000000	109.827316	0
4750.000000	109.844749	0
4820.000000	109.904549	0
4870.000000	109.888611	0
4940.000000	109.923416	0
5000.000000	109.927765	0
5080.000000	109.945862	0
5150.000000	109.821716	0
5220.000000	109.652687	0
5300.000000	109.776283	0
5380.000000	109.645073	0
5450.000000	109.688034	0
5520.000000	109.781448	0
5600.000000	109.935226	0
5700.000000	109.917496	0
5800.000000	109.761932	0
5900.000000	109.674118	0
6000.000000	109.508041	0
6080.000000	109.446396	0
6150.000000	109.413345	0
6220.000000	109.379929	0
6300.000000	109.368324	0
6400.000000	109.287971	0
6500.000000	109.312111	0
6600.000000	109.448776	0
6700.000000	109.417625	0
6800.000000	109.520111	0
6900.000000	109.576576	0
7000.000000	109.627586	0
7100.000000	109.474731	0
7200.000000	109.303825	0
7300.000000	109.132484	0
7400.000000	108.957458	0
7500.000000	108.778824	0
7620.000000	108.559853	0
7750.000000	108.317123	0
7880.000000	108.068985	0
8000.000000	107.835129	0
8120.000000	107.595085	0
8250.000000	107.330505	0
8380.000000	107.061722	0
8500.000000	106.810242	0
8620.000000	106.555878	0
8750.000000	106.277466	0
8850.000000	106.061516	0
9000.000000	105.735260	0
9120.000000	105.472649	0
9250.000000	105.186874	0
9380.000000	104.900276	0
9500.000000	104.635338	0
9620.000000	104.370399	0
9750.000000	104.083771	0
9880.000000	103.798035	0
10000.000000	103.535362	0
10150.000000	103.209106	0
10300.000000	102.885796	0
10440.000000	102.587219	0
10600.000000	102.250565	0
10750.000000	101.940071	0
10900.000000	101.635208	0
11060.000000	101.317955	0
11200.000000	101.048157	0
11380.000000	100.710541	0
11500.000000	100.491592	0
11720.000000	100.103065	0
11800.000000	99.966759	0
12060.000000	99.544342	0
12200.000000	99.335754	0
12410.000000	99.035606	0
12500.000000	98.910217	0
12650.000000	98.704948	0
12800.000000	98.502312	0
13150.000000	98.019691	0
13200.000000	97.949402	0
13400.000000	97.664078	0
13600.000000	97.382500	0
13800.000000	97.105461	0
14000.000000	96.835701	0
14300.000000	96.463257	0
14500.000000	96.222733	0
14750.000000	95.931709	0
15000.000000	95.632698	0
15250.000000	95.064346	0
15500.000000	94.483849	0
15750.000000	93.900871	0
16000.000000	93.313568	0
16250.000000	92.722229	0
16500.000000	92.127029	0
16750.000000	91.528259	0
17000.000000	90.926239	0
17250.000000	90.321144	0
17500.000000	89.713249	0
17750.000000	89.102798	0
18000.000000	88.490089	0
18250.000000	87.875313	0
18500.000000	87.258789	0
18750.000000	86.640732	0
19000.000000	86.021362	0
19250.000000	85.400887	0
19500.000000	84.779472	0
19750.000000	84.161453	0
