
19.5  0
19.8  0
20.6  0
20.9  0
21.2  0
21.5  0
21.8  0
22.1  0
22.4  0
22.8  0
23.1  0
23.4  0
23.8  0
24.1  0
24.5  0
24.8  0
25.2  0
25.6  0
25.9  0
26.3  0
26.7  0
27.1  0
27.5  0
27.9  0
28.3  0
28.7  0
29.1  0
29.5  0
30  0
30.4  0
30.8  0
31.3  0
31.7  0
32.2  0
32.7  0
33.2  0
33.6  0
34.1  0
34.6  0
35.1  0
35.6  0
36.2  0
36.7  0
37.2  0
37.8  0
38.3  0
38.9  0
39.4  0
40  0
40.6  0
41.2  0
41.8  0
42.4  0
43  0
43.6  0
44.3  0
44.9  0
45.6  0
46.2  0
46.9  0
47.6  0
48.3  0
49  0
49.7  0
50.4  0
51.1  0
51.9  0
52.6  0
53.4  0
54.2  0
55  0
55.8  0
56.6  0
57.4  0
58.2  0
59.1  0
59.9  0
60.8  0
61.7  0
62.6  0
63.5  0
64.4  0
65.4  0
66.3  0
67.3  0
68.3  0
69.2  0
70.3  0
71.3  0
72.3  0
73.4  0
74.4  0
75.5  0
76.6  0
77.7  0
78.9  0
80  0
81.2  0
82.3  0
83.5  0
84.8  0
86  0
87.2  0
88.5  0
89.8  0
91.1  0
92.4  0
93.8  0
95.1  0
96.5  0
97.9  0
99.3  0
100.8  0
102.3  0
103.7  0
105.3  0
106.8  0
108.3  0
109.9  0
111.5  0
113.1  0
114.8  0
116.5  0
118.1  0
119.9  0
121.6  0
123.4  0
125.2  0
127  0
128.8  0
130.7  0
132.6  0
134.5  0
136.5  0
138.5  0
140.5  0
142.5  0
144.6  0
146.7  0
148.9  0
151  0
153.2  0
155.4  0
157.7  0
160  0
162.3  0
164.7  0
167.1  0
169.5  0
172  0
174.5  0
177  0
179.6  0
182.2  0
184.9  0
187.5  0
190.3  0
193  0
195.8  0
198.7  0
201.6  0
204.5  0
207.5  0
210.5  0
213.6  0
216.7  0
219.8  0
223  0
226.3  0
229.6  0
232.9  0
236.3  0
239.7  0
243.2  0
246.8  0
250.3  0
254  0
257.7  0
261.4  0
265.2  0
269.1  0
273  0
277  0
281  0
285.1  0
289.2  0
293.4  0
297.7  0
302  0
306.4  0
310.9  0
315.4  0
320  0
324.7  0
329.4  0
334.2  0
339  0
344  0
349  0
354  0
359.2  0
364.4  0
369.7  0
375.1  0
380.5  0
386.1  0
391.7  0
397.4  0
403.2  0
409  0
415  0
421  0
427.1  0
433.4  0
439.7  0
446.1  0
452.5  0
459.1  0
465.8  0
472.6  0
479.5  0
486.4  0
493.5  0
500.7  0
508  0
515.4  0
522.9  0
530.5  0
538.2  0
546  0
553.9  0
562  0
570.2  0
578.5  0
586.9  0
595.4  0
604.1  0
612.9  0
621.8  0
630.8  0
640  0
649.3  0
658.8  0
668.3  0
678.1  0
687.9  0
697.9  0
708.1  0
718.4  0
728.8  0
739.4  0
750.2  0
761.1  0
772.2  0
783.4  0
794.8  0
806.3  0
818.1  0
830  0
842.1  0
854.3  0.100000000000001
866.7  0.100000000000001
879.3  0.100000000000001
892.1  0.100000000000001
905.1  0.200000000000003
918.3  0.200000000000003
931.6  0.299999999999997
945.2  0.299999999999997
958.9  0.399999999999999
972.9  0.5
987  0.5
1001.4  0.600000000000001
1015.9  0.700000000000003
1030.7  0.799999999999997
1045.7  1
1060.9  1.1
1076.3  1.2
1092  1.4
1107.9  1.5
1124  1.7
1140.4  1.8
1156.9  2
1173.8  2.1
1190.8  2.3
1208.2  2.5
1225.7  2.6
1243.6  2.8
1261.6  2.9
1280  3.1
1298.6  3.2
1317.5  3.4
1336.7  3.5
1356.1  3.6
1375.8  3.7
1395.9  3.8
1416.2  3.9
1436.8  4
1457.6  4.09999999999999
1478.9  4.2
1500.4  4.3
1522.2  4.40000000000001
1544.3  4.5
1566.8  4.59999999999999
1589.6  4.7
1612.7  4.8
1636.2  4.90000000000001
1660  5
1684.1  5.09999999999999
1708.6  5.2
1733.4  5.3
1758.7  5.40000000000001
1784.2  5.5
1810.2  5.59999999999999
1836.5  5.7
1863.2  5.8
1890.3  5.90000000000001
1917.8  6
1945.7  6.09999999999999
1974  6.2
2002.7  6.3
2031.9  6.40000000000001
2061.4  6.5
2091.4  6.5
2121.8  6.59999999999999
2152.7  6.7
2184  6.8
2215.8  6.90000000000001
2248  6.90000000000001
2280.7  7
2313.9  7.09999999999999
2347.5  7.09999999999999
2381.7  7.2
2416.3  7.3
2451.5  7.3
2487.1  7.40000000000001
2523.3  7.40000000000001
2560  7.5
2597.2  7.5
2635  7.5
2673.3  7.59999999999999
2712.2  7.59999999999999
2751.7  7.59999999999999
2791.7  7.7
2832.3  7.7
2873.5  7.7
2915.3  7.7
2957.7  7.7
3000.7  7.7
3044.4  7.7
3088.7  7.7
3133.6  7.59999999999999
3179.2  7.59999999999999
3225.4  7.59999999999999
3272.3  7.59999999999999
3319.9  7.5
3368.2  7.5
3417.2  7.40000000000001
3466.9  7.40000000000001
3517.3  7.3
3568.5  7.3
3620.4  7.2
3673  7.2
3726.5  7.09999999999999
3780.7  7
3835.7  7
3891.5  6.90000000000001
3948.1  6.8
4005.5  6.7
4063.7  6.7
4122.9  6.59999999999999
4182.8  6.5
4243.7  6.40000000000001
4305.4  6.3
4368  6.2
4431.5  6.2
4496  6.09999999999999
4561.4  6
4627.7  5.90000000000001
4695.1  5.8
4763.4  5.7
4832.6  5.59999999999999
4902.9  5.5
4974.2  5.40000000000001
5046.6  5.3
5120  5.2
5194.5  5.09999999999999
5270  5
5346.7  4.90000000000001
5424.5  4.8
5503.4  4.7
5583.4  4.59999999999999
5664.6  4.5
5747  4.40000000000001
5830.6  4.3
5915.4  4.2
6001.4  4.09999999999999
6088.7  4
6177.3  3.8
6267.2  3.7
6358.3  3.6
6450.8  3.5
6544.6  3.4
6639.8  3.3
6736.4  3.2
6834.4  3.1
6933.8  3
7034.6  2.9
7137  2.8
7240.8  2.7
7346.1  2.5
7452.9  2.4
7561.4  2.3
7671.3  2.2
7782.9  2.1
7896.1  2
8011  1.9
8127.5  1.8
8245.7  1.7
8365.6  1.6
8487.3  1.4
8610.8  1.3
8736  1.2
8863.1  1.1
8992  1
9122.8  0.899999999999999
9255.5  0.700000000000003
9390.1  0.600000000000001
9526.7  0.5
9665.3  0.399999999999999
9805.9  0.200000000000003
9948.5  0.100000000000001
10093.2  0
10240  -0.200000000000003
10388.9  -0.299999999999997
10540.1  -0.399999999999999
10693.4  -0.600000000000001
10848.9  -0.700000000000003
11006.7  -0.899999999999999
11166.8  -1
11329.2  -1.1
11494  -1.3
11661.2  -1.4
11830.8  -1.6
12002.9  -1.7
12177.5  -1.9
12354.6  -2
12534.3  -2.2
12716.6  -2.3
12901.6  -2.5
13089.3  -2.6
13279.6  -2.8
13472.8  -2.9
13668.8  -3.1
13867.6  -3.2
14069.3  -3.4
14273.9  -3.5
14481.5  -3.7
14692.2  -3.9
14905.9  -4
15122.7  -4.2
15342.7  -4.3
15565.8  -4.5
15792.2  -4.7
16021.9  -4.8
16255  -5
16491.4  -5.2
16731.3  -5.3
16974.7  -5.5
17221.6  -5.7
17472.1  -5.8
17726.2  -6
17984  -6.2
18245.6  -6.3
18511  -6.5
18780.2  -6.7
19053.4  -6.9
19330.5  -7
19611.7  -7.2
19897  -7.3
20000  -7.4
